4294967278,14
4294967278,11
4294967278,444
4294967278,433
4294967279,214
4294967278,132
4294967278,131
4294967278,129
4294967278,375
4294967278,128
4294967278,127
4294967278,126
4294967278,397
4294967278,122
4294967278,120
4294967278,118
4294967278,117
4294967278,116
4294967278,112
4294967278,110
4294967278,109
4294967278,107
4294967278,105
4294967278,103
4294967278,101
4294967278,442
4294967278,96
4294967278,86
4294967278,412
4294967278,439
4294967278,55
4294967279,354
4294967279,82
4294967279,75
4294967279,299
4294967279,73
4294967279,52
4294967279,50
4294967279,36
4294967279,27
4294967279,25
4294967279,18
4294967279,16
4294967279,15
4294967279,14
4294967279,13
4294967279,12
4294967279,564
4294967278,443
4294967278,98
4294967278,92
4294967278,364
4294967278,409
4294967279,380
4294967278,413
4294967279,190
4294967278,388
4294967278,306
4294967278,188
4294967278,187
4294967279,72
4294967279,185
4294967279,184
4294967279,183
4294967278,182
4294967279,182
4294967278,181
4294967278,180
4294967279,179
4294967279,323
4294967278,177
4294967279,515
4294967278,173
4294967278,172
4294967278,171
4294967279,58
4294967279,169
4294967278,56
4294967279,168
4294967278,167
4294967279,166
4294967278,165
4294967279,164
366,6
366,5
366,4
366,3
366,2
366,1
4294967279,529
4294967278,342
4294967279,151
4294967279,146
4294967279,34
4294967278,437
4294967294,999
4294967294,162
4294967279,336
363,6
363,5
363,4
363,3
363,2
363,1
4294967278,436
4294967279,324
4294967278,301
4294967278,269
4294967279,277
4294967279,11
4294967294,387
4294967278,268
4294967279,262
4294967278,281
4294967278,376
4294967279,573
4294967278,285
360,7
4294967278,278
4294967279,348
4294967278,323
4294967279,563
360,6
360,5
360,4
360,3
360,2
360,1
4294967279,250
4294967279,249
4294967279,247
4294967278,246
4294967278,244
4294967278,238
4294967278,300
4294967279,239
4294967278,237
4294967278,236
4294967279,225
4294967278,224
4294967278,220
357,6
4294967279,215
357,5
357,4
357,3
357,2
357,1
4294967278,314
4294967279,542
4294967294,182
4294967294,1011
4294967294,1015
4294967294,1089
354,6
354,5
354,4
354,3
354,2
354,1
4294967278,385
4294967279,300
4294967278,305
4294967278,178
4294967278,407
4294967278,59
4294967279,59
4294967279,49
4294967279,43
4294967279,17
4294967279,10
4294967279,539
4294967278,354
4294967279,177
4294967294,1423
4294967294,1422
4294967294,395
4294967294,409
4294967294,420
4294967294,179
4294967294,180
4294967294,189
4294967294,466
4294967294,111
4294967294,119
351,4
351,3
351,2
351,1
350,4
350,3
350,2
350,1
4294967278,345
4294967279,530
349,5
4294967279,158
349,4
349,3
349,2
349,1
4294967279,525
4294967294,1420
4294967294,393
4294967294,390
4294967278,299
347,6
4294967279,148
4294967278,294
347,5
4294967278,145
347,4
347,3
347,2
347,1
4294967278,141
346,5
4294967279,139
346,4
4294967278,138
346,3
346,2
346,1
4294967279,272
4294967294,120
4294967279,351
4294967278,435
4294967279,567
345,5
4294967279,279
345,4
345,3
345,2
345,1
4294967278,427
4294967279,265
4294967294,389
344,5
4294967278,400
4294967278,265
344,4
344,3
344,2
344,1
4294967279,258
4294967294,475
4294967294,1
4294967279,255
4294967279,514
4294967294,186
4294967294,1001
4294967294,183
4294967294,1176
4294967294,458
4294967294,449
4294967294,416
4294967294,118
4294967294,99
4294967294,76
4294967278,297
4294967294,89
4294967278,320
342,4
342,3
342,2
342,1
4294967279,316
4294967294,114
4294967294,115
4294967278,284
4294967279,228
4294967278,394
4294967279,226
4294967278,225
4294967279,349
4294967278,393
4294967278,419
4294967278,130
4294967278,124
4294967278,316
4294967278,123
4294967278,121
4294967278,119
4294967278,408
4294967278,113
4294967278,111
4294967278,102
4294967278,99
4294967278,94
4294967278,414
4294967278,89
4294967278,87
4294967278,84
4294967278,76
4294967278,74
4294967278,73
4294967278,72
4294967278,69
4294967278,67
4294967278,65
4294967278,64
4294967278,379
4294967278,432
4294967279,570
4294967279,174
4294967279,360
4294967279,337
4294967279,359
4294967279,565
4294967278,213
4294967279,213
4294967278,211
4294967278,210
4294967279,210
4294967278,97
4294967278,312
4294967278,209
4294967278,207
4294967278,421
4294967279,556
4294967279,204
4294967279,203
4294967278,90
4294967278,247
4294967278,202
4294967279,202
4294967278,296
4294967278,85
4294967279,83
4294967278,82
4294967278,81
4294967278,293
4294967279,379
4294967279,187
4294967279,186
4294967278,71
4294967278,292
4294967278,68
4294967278,366
4294967279,548
4294967278,66
4294967278,291
4294967278,62
4294967279,378
4294967278,169
341,6
341,5
341,4
341,2
341,1
4294967278,166
0,7
4294967294,0
4294967279,377
4294967278,290
4294967278,430
4294967278,289
4294967279,376
4294967278,160
4294967279,333
4294967279,155
4294967279,154
4294967278,154
4294967278,153
4294967278,428
4294967279,375
4294967279,540
4294967279,0
4294967278,401
4294967279,522
4294967278,346
4294967279,145
4294967294,46
4294967294,1000
338,6
338,5
338,4
338,3
338,2
338,1
4294967278,367
4294967279,343
4294967278,286
4294967278,277
4294967294,45
4294967294,44
4294967279,136
4294967279,285
4294967294,1006
4294967294,1088
4294967278,260
4294967294,424
4294967278,390
4294967279,574
335,7
4294967279,334
4294967294,2
4294967279,374
4294967279,254
4294967279,320
335,6
335,5
335,4
335,2
335,1
4294967278,251
4294967279,318
4294967279,317
4294967294,38
4294967294,37
4294967294,40
4294967294,107
4294967278,242
4294967294,419
4294967294,1101
4294967279,241
4294967278,240
4294967294,81
4294967294,50
4294967294,91
4294967294,90
4294967294,87
4294967294,86
4294967294,85
4294967294,84
4294967294,42
4294967279,236
4294967279,235
4294967278,234
4294967294,427
4294967294,53
4294967294,52
4294967294,1175
4294967294,1174
4294967294,29
4294967294,1017
4294967294,28
4294967294,1016
4294967294,27
4294967294,1018
4294967294,39
4294967294,436
4294967294,43
4294967279,233
4294967278,232
4294967279,231
4294967278,230
4294967278,228
4294967279,227
4294967294,96
4294967279,221
4294967278,226
332,6
332,5
332,4
4294967279,223
332,2
332,1
